1:
Best solution found:
OF = 73621.9
Route:
1 86 83 8 36 45 39 20 21 24 38 87 27 97 54 19 46 53 7 71 37 89 33 57 16 63 52 43 18 58 68 56 100 44 99 62 3 12 64 70 55 85 4 49 82 92 78 41 75 69 48 91 98 59 5 66 84 11 26 14 90 93 61 74 67 29 40 80 96 2 72 22 88 100 32 73 76 34 30 47 10 51 50 28 94 42 79 13 35 25 81 6 77 95 65 9 17 15 60 31 23
Mean solution: 170218

real	19m33.013s
user	19m19.244s
sys	0m1.795s

2:
Best solution found:
OF = 69932.7
Route:
95 10 65 62 18 9 23 98 35 71 63 81 77 32 44 2 76 93 82 20 22 53 5 64 12 66 41 89 57 97 54 79 88 69 75 29 34 49 1 94 4 90 3 13 96 43 36 83 51 86 100 100 17 28 6 31 15 48 59 68 80 99 52 39 45 8 30 85 42 55 37 27 61 46 78 19 21 87 24 7 33 74 16 26 14 84 92 56 73 91 50 47 25 60 11 67 38 70 40 72 58
Mean solution: 169756

real	19m37.909s
user	19m20.617s
sys	0m1.417s

3:
Best solution found:
OF = 83417.4
Route:
87 20 80 96 99 35 56 100 91 86 52 17 11 21 7 53 94 57 97 46 23 10 83 51 50 13 5 82 27 4 67 36 81 25 12 26 39 92 29 66 38 16 78 28 8 6 60 64 63 49 71 41 19 88 58 73 14 75 69 40 68 30 43 65 48 45 84 79 22 90 72 2 1 93 61 54 74 89 42 85 33 24 70 55 37 18 98 3 59 76 34 32 100 44 95 62 47 9 15 77 31
Mean solution: 169685

real	19m30.806s
user	19m19.295s
sys	0m1.278s
