1:
Best solution found:
OF = 13485.4
Route:
26 10 32 3 5 23 14 42 37 4 52 52 51 12 34 48 22 31 49 19 29 38 39 40 8 9 7 18 44 30 2 16 6 1 41 20 17 21 47 45 36 43 24 50 27 11 15 33 35 28 25 46 13
Mean solution: 32065.6

real	14m17.278s
user	14m16.072s
sys	0m0.211s

2:
Best solution found:
OF = 15118.2
Route:
13 46 15 21 44 39 14 3 5 23 45 43 48 30 17 20 41 22 33 38 24 4 47 28 16 2 18 31 29 6 1 19 11 51 52 10 50 36 35 34 49 25 52 12 26 27 32 9 7 42 37 40 8
Mean solution: 32051.6

real	14m20.912s
user	14m20.042s
sys	0m0.141s

3:
Best solution found:
OF = 15363.1
Route:
40 18 16 2 4 27 25 15 49 19 45 52 52 12 26 10 50 11 37 23 21 17 30 48 35 22 41 20 36 5 3 32 42 9 14 46 13 51 24 39 44 7 8 31 38 47 43 33 34 28 6 1 29

real	14m23.342s
user	14m18.624s
sys	0m0.725s
