1:
Best solution found:
OF = 28800.3
Route:
103 3 76 71 64 106 78 63 126 59 26 12 90 44 124 62 148 114 131 136 19 36 119 117 100 31 109 24 30 48 125 49 134 84 145 142 29 149 67 120 77 14 138 11 115 146 56 38 147 116 65 1 52 137 22 133 25 34 86 128 37 58 83 96 51 87 9 43 33 75 21 93 2 110 150 4 53 57 69 54 17 13 91 28 8 27 41 55 7 123 99 74 141 92 73 105 118 143 50 89 140 98 107 82 47 6 102 81 94 88 112 97 42 108 80 85 68 10 129 23 16 139 35 18 113 46 135 122 39 5 101 111 127 70 79 150 144 40 60 121 20 61 72 95 45 104 32 130 132 15 66
Mean solution: 53962.2

real	20m56.898s
user	20m53.066s
sys	0m0.450s

2:
Best solution found:
OF = 29377.6
Route:
67 105 85 49 40 5 137 42 50 23 115 38 56 19 126 104 92 62 47 32 41 18 74 84 96 97 86 83 7 136 64 28 68 80 39 108 117 52 128 12 73 127 148 20 93 30 122 116 10 129 48 53 45 25 125 4 76 135 118 95 29 15 77 87 150 44 58 22 63 90 43 133 130 131 101 113 54 57 78 132 134 1 69 89 124 114 9 112 123 51 71 139 16 65 59 109 140 14 146 66 26 111 91 75 103 3 21 120 79 8 119 138 24 82 81 142 36 98 27 107 141 88 94 6 72 144 99 145 34 31 46 121 13 150 70 110 143 37 149 61 2 102 106 33 147 35 60 11 100 55 17
Mean solution: 53829.5

real	25m11.452s
user	25m10.455s
sys	0m0.158s

3:
Best solution found:
OF = 29516.1
Route:
64 118 67 103 140 15 95 150 149 21 127 111 7 81 94 45 132 116 38 42 78 87 150 43 145 25 4 86 33 9 34 62 104 138 119 91 92 55 8 115 137 44 70 61 148 93 124 114 32 1 36 19 20 12 47 29 3 90 76 135 144 48 89 54 57 101 107 80 141 98 5 82 96 106 99 123 133 50 108 40 23 109 49 85 52 28 131 37 130 31 56 66 35 39 24 128 143 16 26 73 122 51 6 75 102 13 14 63 146 71 17 142 83 125 79 10 129 59 60 46 120 97 88 22 68 126 139 100 41 84 74 110 2 72 112 53 121 113 11 27 117 65 147 136 69 18 134 30 105 77 58
Mean solution: 53828.5

real	25m14.736s
user	25m10.390s
sys	0m0.825s
